5.50 3.70 0
5.00 3.30 0
6.60 4.60 0
6.30 4.90 0
5.50 4.00 0
7.20 6.00 1
6.30 4.40 0
7.70 6.90 1
6.20 4.80 1
5.50 3.80 0
7.60 6.60 1
6.30 5.10 1
5.40 4.50 0
6.50 5.80 1
6.80 4.80 0
6.30 5.60 1
6.40 5.30 1
5.60 4.20 0
6.70 5.00 0
7.70 6.10 1
6.70 5.70 1
5.50 4.40 0
6.00 4.50 0
6.30 4.90 1
6.10 4.70 0
5.70 3.50 0
5.00 3.50 0
5.80 5.10 1
6.70 5.80 1
5.70 4.20 0
6.20 4.30 0
5.90 4.20 0
6.70 4.70 0
5.20 3.90 0
5.70 4.50 0
5.80 5.10 1
6.00 5.10 0
5.60 3.90 0
6.70 5.60 1
6.10 4.60 0
5.60 3.60 0
6.40 5.50 1
7.00 4.70 0
6.40 4.30 0
7.40 6.10 1
5.80 5.10 1
6.10 4.90 1
6.70 4.40 0
6.40 5.30 1
6.60 4.40 0
6.00 4.50 0
7.30 6.30 1
5.50 4.00 0
6.30 6.00 1
5.80 4.00 0
7.20 6.10 1
7.20 5.80 1
6.90 4.90 0
6.50 5.10 1
4.90 4.50 1
5.80 3.90 0
6.20 4.50 0
5.70 4.10 0
6.10 5.60 1
7.70 6.70 1
6.00 5.00 1
5.70 4.20 0
6.30 4.70 0
6.80 5.90 1
5.10 3.00 0
